2022/12/07-17:17:45.206064 400664b840 RocksDB version: 6.15.2
2022/12/07-17:17:45.237000 400664b840 Git sha rocksdb_build_git_sha:@0@
2022/12/07-17:17:45.237328 400664b840 Compile date Apr  2 2022
2022/12/07-17:17:45.243348 400664b840 DB SUMMARY
2022/12/07-17:17:45.243408 400664b840 DB Session ID:  5UGKS7L0ZC7YLUOD15FT
2022/12/07-17:17:45.255423 400664b840 CURRENT file:  CURRENT
2022/12/07-17:17:45.255915 400664b840 IDENTITY file:  IDENTITY
2022/12/07-17:17:45.265391 400664b840 MANIFEST file:  MANIFEST-000021 size: 411 Bytes
2022/12/07-17:17:45.266854 400664b840 SST files in /var/lib/milvus/rdb_data_meta_kv dir, Total Num: 3, files: 000008.sst 000014.sst 000020.sst 
2022/12/07-17:17:45.268054 400664b840 Write Ahead Log file in /var/lib/milvus/rdb_data_meta_kv: 000022.log size: 25126284 ; 
2022/12/07-17:17:45.268203 400664b840                         Options.error_if_exists: 0
2022/12/07-17:17:45.268282 400664b840                       Options.create_if_missing: 1
2022/12/07-17:17:45.268321 400664b840                         Options.paranoid_checks: 1
2022/12/07-17:17:45.268367 400664b840                               Options.track_and_verify_wals_in_manifest: 0
2022/12/07-17:17:45.268514 400664b840                                     Options.env: 0x480f820
2022/12/07-17:17:45.268622 400664b840                                      Options.fs: Posix File System
2022/12/07-17:17:45.268667 400664b840                                Options.info_log: 0x4abff90
2022/12/07-17:17:45.268766 400664b840                Options.max_file_opening_threads: 16
2022/12/07-17:17:45.268822 400664b840                              Options.statistics: (nil)
2022/12/07-17:17:45.268918 400664b840                               Options.use_fsync: 0
2022/12/07-17:17:45.270963 400664b840                       Options.max_log_file_size: 0
2022/12/07-17:17:45.271017 400664b840                  Options.max_manifest_file_size: 1073741824
2022/12/07-17:17:45.271029 400664b840                   Options.log_file_time_to_roll: 0
2022/12/07-17:17:45.271117 400664b840                       Options.keep_log_file_num: 1000
2022/12/07-17:17:45.271164 400664b840                    Options.recycle_log_file_num: 0
2022/12/07-17:17:45.271203 400664b840                         Options.allow_fallocate: 1
2022/12/07-17:17:45.271214 400664b840                        Options.allow_mmap_reads: 0
2022/12/07-17:17:45.271251 400664b840                       Options.allow_mmap_writes: 0
2022/12/07-17:17:45.271261 400664b840                        Options.use_direct_reads: 0
2022/12/07-17:17:45.271272 400664b840                        Options.use_direct_io_for_flush_and_compaction: 0
2022/12/07-17:17:45.271319 400664b840          Options.create_missing_column_families: 0
2022/12/07-17:17:45.271332 400664b840                              Options.db_log_dir: 
2022/12/07-17:17:45.271407 400664b840                                 Options.wal_dir: /var/lib/milvus/rdb_data_meta_kv
2022/12/07-17:17:45.271447 400664b840                Options.table_cache_numshardbits: 6
2022/12/07-17:17:45.271458 400664b840                         Options.WAL_ttl_seconds: 0
2022/12/07-17:17:45.271491 400664b840                       Options.WAL_size_limit_MB: 0
2022/12/07-17:17:45.271502 400664b840                        Options.max_write_batch_group_size_bytes: 1048576
2022/12/07-17:17:45.271524 400664b840             Options.manifest_preallocation_size: 4194304
2022/12/07-17:17:45.271535 400664b840                     Options.is_fd_close_on_exec: 1
2022/12/07-17:17:45.271573 400664b840                   Options.advise_random_on_open: 1
2022/12/07-17:17:45.271584 400664b840                    Options.db_write_buffer_size: 0
2022/12/07-17:17:45.271600 400664b840                    Options.write_buffer_manager: 0x4ac8900
2022/12/07-17:17:45.271639 400664b840         Options.access_hint_on_compaction_start: 1
2022/12/07-17:17:45.271682 400664b840  Options.new_table_reader_for_compaction_inputs: 0
2022/12/07-17:17:45.271830 400664b840           Options.random_access_max_buffer_size: 1048576
2022/12/07-17:17:45.271847 400664b840                      Options.use_adaptive_mutex: 0
2022/12/07-17:17:45.287289 400664b840                            Options.rate_limiter: (nil)
2022/12/07-17:17:45.287418 400664b840     Options.sst_file_manager.rate_bytes_per_sec: 0
2022/12/07-17:17:45.287482 400664b840                       Options.wal_recovery_mode: 2
2022/12/07-17:17:45.287494 400664b840                  Options.enable_thread_tracking: 0
2022/12/07-17:17:45.287505 400664b840                  Options.enable_pipelined_write: 0
2022/12/07-17:17:45.287890 400664b840                  Options.unordered_write: 0
2022/12/07-17:17:45.287926 400664b840         Options.allow_concurrent_memtable_write: 1
2022/12/07-17:17:45.287940 400664b840      Options.enable_write_thread_adaptive_yield: 1
2022/12/07-17:17:45.287959 400664b840             Options.write_thread_max_yield_usec: 100
2022/12/07-17:17:45.287971 400664b840            Options.write_thread_slow_yield_usec: 3
2022/12/07-17:17:45.287986 400664b840                               Options.row_cache: None
2022/12/07-17:17:45.288024 400664b840                              Options.wal_filter: None
2022/12/07-17:17:45.288043 400664b840             Options.avoid_flush_during_recovery: 0
2022/12/07-17:17:45.288056 400664b840             Options.allow_ingest_behind: 0
2022/12/07-17:17:45.288154 400664b840             Options.preserve_deletes: 0
2022/12/07-17:17:45.288179 400664b840             Options.two_write_queues: 0
2022/12/07-17:17:45.288190 400664b840             Options.manual_wal_flush: 0
2022/12/07-17:17:45.288200 400664b840             Options.atomic_flush: 0
2022/12/07-17:17:45.288221 400664b840             Options.avoid_unnecessary_blocking_io: 0
2022/12/07-17:17:45.288432 400664b840                 Options.persist_stats_to_disk: 0
2022/12/07-17:17:45.288449 400664b840                 Options.write_dbid_to_manifest: 0
2022/12/07-17:17:45.288461 400664b840                 Options.log_readahead_size: 0
2022/12/07-17:17:45.288485 400664b840                 Options.file_checksum_gen_factory: Unknown
2022/12/07-17:17:45.288548 400664b840                 Options.best_efforts_recovery: 0
2022/12/07-17:17:45.288563 400664b840                Options.max_bgerror_resume_count: 2147483647
2022/12/07-17:17:45.288574 400664b840            Options.bgerror_resume_retry_interval: 1000000
2022/12/07-17:17:45.288585 400664b840             Options.allow_data_in_errors: 0
2022/12/07-17:17:45.288599 400664b840             Options.db_host_id: __hostname__
2022/12/07-17:17:45.288618 400664b840             Options.max_background_jobs: 1
2022/12/07-17:17:45.288629 400664b840             Options.max_background_compactions: -1
2022/12/07-17:17:45.288669 400664b840             Options.max_subcompactions: 1
2022/12/07-17:17:45.288682 400664b840             Options.avoid_flush_during_shutdown: 0
2022/12/07-17:17:45.288693 400664b840           Options.writable_file_max_buffer_size: 1048576
2022/12/07-17:17:45.288980 400664b840             Options.delayed_write_rate : 16777216
2022/12/07-17:17:45.288999 400664b840             Options.max_total_wal_size: 0
2022/12/07-17:17:45.289012 400664b840             Options.delete_obsolete_files_period_micros: 21600000000
2022/12/07-17:17:45.289024 400664b840                   Options.stats_dump_period_sec: 600
2022/12/07-17:17:45.289034 400664b840                 Options.stats_persist_period_sec: 600
2022/12/07-17:17:45.289264 400664b840                 Options.stats_history_buffer_size: 1048576
2022/12/07-17:17:45.289276 400664b840                          Options.max_open_files: -1
2022/12/07-17:17:45.289286 400664b840                          Options.bytes_per_sync: 0
2022/12/07-17:17:45.289297 400664b840                      Options.wal_bytes_per_sync: 0
2022/12/07-17:17:45.289356 400664b840                   Options.strict_bytes_per_sync: 0
2022/12/07-17:17:45.289460 400664b840       Options.compaction_readahead_size: 0
2022/12/07-17:17:45.289476 400664b840                  Options.max_background_flushes: 1
2022/12/07-17:17:45.289511 400664b840 Compression algorithms supported:
2022/12/07-17:17:45.289551 400664b840 	kZSTDNotFinalCompression supported: 0
2022/12/07-17:17:45.304076 400664b840 	kZSTD supported: 0
2022/12/07-17:17:45.304213 400664b840 	kXpressCompression supported: 0
2022/12/07-17:17:45.304238 400664b840 	kLZ4HCCompression supported: 0
2022/12/07-17:17:45.304261 400664b840 	kLZ4Compression supported: 0
2022/12/07-17:17:45.304279 400664b840 	kBZip2Compression supported: 0
2022/12/07-17:17:45.304287 400664b840 	kZlibCompression supported: 0
2022/12/07-17:17:45.304300 400664b840 	kSnappyCompression supported: 0
2022/12/07-17:17:45.304504 400664b840 Fast CRC32 supported: Supported on x86
2022/12/07-17:17:45.367062 400664b840 [db/version_set.cc:4725] Recovering from manifest file: /var/lib/milvus/rdb_data_meta_kv/MANIFEST-000021
2022/12/07-17:17:45.382444 400664b840 [db/column_family.cc:597] --------------- Options for column family [default]:
2022/12/07-17:17:45.382666 400664b840               Options.comparator: leveldb.BytewiseComparator
2022/12/07-17:17:45.382842 400664b840           Options.merge_operator: None
2022/12/07-17:17:45.382859 400664b840        Options.compaction_filter: None
2022/12/07-17:17:45.382872 400664b840        Options.compaction_filter_factory: None
2022/12/07-17:17:45.382887 400664b840  Options.sst_partitioner_factory: None
2022/12/07-17:17:45.382902 400664b840         Options.memtable_factory: SkipListFactory
2022/12/07-17:17:45.382919 400664b840            Options.table_factory: BlockBasedTable
2022/12/07-17:17:45.391487 400664b840            table_factory options:   flush_block_policy_factory: FlushBlockBySizePolicyFactory (0x4ac96d0)
  cache_index_and_filter_blocks: 0
  cache_index_and_filter_blocks_with_high_priority: 1
  pin_l0_filter_and_index_blocks_in_cache: 0
  pin_top_level_index_and_filter: 1
  index_type: 0
  data_block_index_type: 0
  index_shortening: 1
  data_block_hash_table_util_ratio: 0.750000
  hash_index_allow_collision: 1
  checksum: 1
  no_block_cache: 0
  block_cache: 0x4ac0250
  block_cache_name: LRUCache
  block_cache_options:
    capacity : 1073741824
    num_shard_bits : 6
    strict_capacity_limit : 0
    memory_allocator : None
    high_pri_pool_ratio: 0.500
  block_cache_compressed: (nil)
  persistent_cache: (nil)
  block_size: 4096
  block_size_deviation: 10
  block_restart_interval: 16
  index_block_restart_interval: 1
  metadata_block_size: 4096
  partition_filters: 0
  use_delta_encoding: 1
  filter_policy: nullptr
  whole_key_filtering: 1
  verify_compression: 0
  read_amp_bytes_per_bit: 0
  format_version: 4
  enable_index_compression: 1
  block_align: 0
2022/12/07-17:17:45.391922 400664b840        Options.write_buffer_size: 67108864
2022/12/07-17:17:45.391940 400664b840  Options.max_write_buffer_number: 2
2022/12/07-17:17:45.392026 400664b840          Options.compression: NoCompression
2022/12/07-17:17:45.392054 400664b840                  Options.bottommost_compression: Disabled
2022/12/07-17:17:45.392126 400664b840       Options.prefix_extractor: nullptr
2022/12/07-17:17:45.392171 400664b840   Options.memtable_insert_with_hint_prefix_extractor: nullptr
2022/12/07-17:17:45.392196 400664b840             Options.num_levels: 7
2022/12/07-17:17:45.392208 400664b840        Options.min_write_buffer_number_to_merge: 1
2022/12/07-17:17:45.392220 400664b840     Options.max_write_buffer_number_to_maintain: 0
2022/12/07-17:17:45.392276 400664b840     Options.max_write_buffer_size_to_maintain: 0
2022/12/07-17:17:45.392643 400664b840            Options.bottommost_compression_opts.window_bits: -14
2022/12/07-17:17:45.392754 400664b840                  Options.bottommost_compression_opts.level: 32767
2022/12/07-17:17:45.392769 400664b840               Options.bottommost_compression_opts.strategy: 0
2022/12/07-17:17:45.392826 400664b840         Options.bottommost_compression_opts.max_dict_bytes: 0
2022/12/07-17:17:45.392882 400664b840         Options.bottommost_compression_opts.zstd_max_train_bytes: 0
2022/12/07-17:17:45.392910 400664b840         Options.bottommost_compression_opts.parallel_threads: 1
2022/12/07-17:17:45.393340 400664b840                  Options.bottommost_compression_opts.enabled: false
2022/12/07-17:17:45.416511 400664b840            Options.compression_opts.window_bits: -14
2022/12/07-17:17:45.416547 400664b840                  Options.compression_opts.level: 32767
2022/12/07-17:17:45.416560 400664b840               Options.compression_opts.strategy: 0
2022/12/07-17:17:45.416572 400664b840         Options.compression_opts.max_dict_bytes: 0
2022/12/07-17:17:45.416583 400664b840         Options.compression_opts.zstd_max_train_bytes: 0
2022/12/07-17:17:45.416597 400664b840         Options.compression_opts.parallel_threads: 1
2022/12/07-17:17:45.416612 400664b840                  Options.compression_opts.enabled: false
2022/12/07-17:17:45.416624 400664b840      Options.level0_file_num_compaction_trigger: 4
2022/12/07-17:17:45.416635 400664b840          Options.level0_slowdown_writes_trigger: 20
2022/12/07-17:17:45.416646 400664b840              Options.level0_stop_writes_trigger: 36
2022/12/07-17:17:45.416656 400664b840                   Options.target_file_size_base: 67108864
2022/12/07-17:17:45.416666 400664b840             Options.target_file_size_multiplier: 1
2022/12/07-17:17:45.416676 400664b840                Options.max_bytes_for_level_base: 268435456
2022/12/07-17:17:45.416686 400664b840 Options.level_compaction_dynamic_level_bytes: 0
2022/12/07-17:17:45.416785 400664b840          Options.max_bytes_for_level_multiplier: 10.000000
2022/12/07-17:17:45.417495 400664b840 Options.max_bytes_for_level_multiplier_addtl[0]: 1
2022/12/07-17:17:45.417625 400664b840 Options.max_bytes_for_level_multiplier_addtl[1]: 1
2022/12/07-17:17:45.417640 400664b840 Options.max_bytes_for_level_multiplier_addtl[2]: 1
2022/12/07-17:17:45.417673 400664b840 Options.max_bytes_for_level_multiplier_addtl[3]: 1
2022/12/07-17:17:45.417682 400664b840 Options.max_bytes_for_level_multiplier_addtl[4]: 1
2022/12/07-17:17:45.417690 400664b840 Options.max_bytes_for_level_multiplier_addtl[5]: 1
2022/12/07-17:17:45.417698 400664b840 Options.max_bytes_for_level_multiplier_addtl[6]: 1
2022/12/07-17:17:45.417740 400664b840       Options.max_sequential_skip_in_iterations: 8
2022/12/07-17:17:45.417775 400664b840                    Options.max_compaction_bytes: 1677721600
2022/12/07-17:17:45.417794 400664b840                        Options.arena_block_size: 8388608
2022/12/07-17:17:45.417805 400664b840   Options.soft_pending_compaction_bytes_limit: 68719476736
2022/12/07-17:17:45.417816 400664b840   Options.hard_pending_compaction_bytes_limit: 274877906944
2022/12/07-17:17:45.417827 400664b840       Options.rate_limit_delay_max_milliseconds: 100
2022/12/07-17:17:45.417837 400664b840                Options.disable_auto_compactions: 0
2022/12/07-17:17:45.417894 400664b840                        Options.compaction_style: kCompactionStyleLevel
2022/12/07-17:17:45.417939 400664b840                          Options.compaction_pri: kMinOverlappingRatio
2022/12/07-17:17:45.417950 400664b840 Options.compaction_options_universal.size_ratio: 1
2022/12/07-17:17:45.417960 400664b840 Options.compaction_options_universal.min_merge_width: 2
2022/12/07-17:17:45.417971 400664b840 Options.compaction_options_universal.max_merge_width: 4294967295
2022/12/07-17:17:45.417981 400664b840 Options.compaction_options_universal.max_size_amplification_percent: 200
2022/12/07-17:17:45.417992 400664b840 Options.compaction_options_universal.compression_size_percent: -1
2022/12/07-17:17:45.418029 400664b840 Options.compaction_options_universal.stop_style: kCompactionStopStyleTotalSize
2022/12/07-17:17:45.418042 400664b840 Options.compaction_options_fifo.max_table_files_size: 1073741824
2022/12/07-17:17:45.418052 400664b840 Options.compaction_options_fifo.allow_compaction: 0
2022/12/07-17:17:45.418131 400664b840                   Options.table_properties_collectors: 
2022/12/07-17:17:45.418148 400664b840                   Options.inplace_update_support: 0
2022/12/07-17:17:45.418158 400664b840                 Options.inplace_update_num_locks: 10000
2022/12/07-17:17:45.418170 400664b840               Options.memtable_prefix_bloom_size_ratio: 0.000000
2022/12/07-17:17:45.418211 400664b840               Options.memtable_whole_key_filtering: 0
2022/12/07-17:17:45.441809 400664b840   Options.memtable_huge_page_size: 0
2022/12/07-17:17:45.442095 400664b840                           Options.bloom_locality: 0
2022/12/07-17:17:45.442137 400664b840                    Options.max_successive_merges: 0
2022/12/07-17:17:45.442148 400664b840                Options.optimize_filters_for_hits: 0
2022/12/07-17:17:45.442159 400664b840                Options.paranoid_file_checks: 0
2022/12/07-17:17:45.442170 400664b840                Options.force_consistency_checks: 1
2022/12/07-17:17:45.442181 400664b840                Options.report_bg_io_stats: 0
2022/12/07-17:17:45.442192 400664b840                               Options.ttl: 2592000
2022/12/07-17:17:45.442203 400664b840          Options.periodic_compaction_seconds: 0
2022/12/07-17:17:45.442217 400664b840                    Options.enable_blob_files: false
2022/12/07-17:17:45.442230 400664b840                        Options.min_blob_size: 0
2022/12/07-17:17:45.442240 400664b840                       Options.blob_file_size: 268435456
2022/12/07-17:17:45.442274 400664b840                Options.blob_compression_type: NoCompression
2022/12/07-17:17:45.442291 400664b840       Options.enable_blob_garbage_collection: false
2022/12/07-17:17:45.442303 400664b840   Options.blob_garbage_collection_age_cutoff: 0.250000
2022/12/07-17:17:45.568925 400664b840 [db/version_set.cc:4773] Recovered from manifest file:/var/lib/milvus/rdb_data_meta_kv/MANIFEST-000021 succeeded,manifest_file_number is 21, next_file_number is 23, last_sequence is 234189, log_number is 17,prev_log_number is 0,max_column_family is 0,min_log_number_to_keep is 0
2022/12/07-17:17:45.569019 400664b840 [db/version_set.cc:4782] Column family [default] (ID 0), log number is 17
2022/12/07-17:17:45.594945 400664b840 [db/version_set.cc:4083] Creating manifest 25
2022/12/07-17:17:45.804627 400664b840 EVENT_LOG_v1 {"time_micros": 1670433465804050, "job": 1, "event": "recovery_started", "wal_files": [22]}
2022/12/07-17:17:45.805099 400664b840 [db/db_impl/db_impl_open.cc:847] Recovering log #22 mode 2
2022/12/07-17:17:53.505217 400664b840 EVENT_LOG_v1 {"time_micros": 1670433473488598, "cf_name": "default", "job": 1, "event": "table_file_creation", "file_number": 26, "file_size": 2625, "file_checksum": "", "file_checksum_func_name": "Unknown", "table_properties": {"data_size": 1724, "index_size": 49, "index_partitions": 0, "top_level_index_size": 0, "index_key_is_user_key": 1, "index_value_is_delta_encoded": 1, "filter_size": 0, "raw_key_size": 3254, "raw_average_key_size": 42, "raw_value_size": 559, "raw_average_value_size": 7, "num_data_blocks": 1, "num_entries": 76, "num_deletions": 0, "num_merge_operands": 0, "num_range_deletions": 0, "format_version": 0, "fixed_key_len": 0, "filter_policy": "", "column_family_name": "default", "column_family_id": 0, "comparator": "leveldb.BytewiseComparator", "merge_operator": "nullptr", "prefix_extractor_name": "nullptr", "property_collectors": "[]", "compression": "NoCompression", "compression_options": "window_bits=-14; level=32767; strategy=0; max_dict_bytes=0; zstd_max_train_bytes=0; enabled=0; ", "creation_time": 1670433472, "oldest_key_time": 0, "file_creation_time": 0, "db_id": "983697d2-b5d9-4043-8fe9-0af3e7be7ff3", "db_session_id": "5UGKS7L0ZC7YLUOD15FT"}}
2022/12/07-17:17:53.803353 400664b840 [db/version_set.cc:4083] Creating manifest 27
2022/12/07-17:17:54.448220 400664b840 EVENT_LOG_v1 {"time_micros": 1670433474448076, "job": 1, "event": "recovery_finished"}
2022/12/07-17:17:54.659632 400664b840 [file/delete_scheduler.cc:73] Deleted file /var/lib/milvus/rdb_data_meta_kv/000022.log immediately, rate_bytes_per_sec 0, total_trash_size 0 max_trash_db_ratio 0.250000
2022/12/07-17:17:54.916141 400664b840 [db/db_impl/db_impl_open.cc:1701] SstFileManager instance 0x4ac7cf0
2022/12/07-17:17:54.923219 406b932700 [db/compaction/compaction_job.cc:1884] [default] [JOB 3] Compacting 4@0 files to L1, score 1.00
2022/12/07-17:17:54.925536 406b932700 [db/compaction/compaction_job.cc:1888] [default] Compaction start summary: Base version 3 Base level 0, inputs: [26(2625B) 20(1605B) 14(1122B) 8(1552B)]
2022/12/07-17:17:54.930990 406b932700 EVENT_LOG_v1 {"time_micros": 1670433474926462, "job": 3, "event": "compaction_started", "compaction_reason": "LevelL0FilesNum", "files_L0": [26, 20, 14, 8], "score": 1, "input_data_size": 6904}
2022/12/07-17:17:54.971394 400664b840 DB pointer 0x4aca810
2022/12/07-17:17:55.023436 40ab942700 [db/db_impl/db_impl.cc:902] ------- DUMPING STATS -------
2022/12/07-17:17:55.023602 40ab942700 [db/db_impl/db_impl.cc:903] 
** DB Stats **
Uptime(secs): 9.6 total, 9.6 interval
Cumulative writes: 0 writes, 0 keys, 0 commit groups, 0.0 writes per commit group, ingest: 0.00 GB, 0.00 MB/s
Cumulative WAL: 0 writes, 0 syncs, 0.00 writes per sync, written: 0.00 GB, 0.00 MB/s
Cumulative stall: 00:00:0.000 H:M:S, 0.0 percent
Interval writes: 0 writes, 0 keys, 0 commit groups, 0.0 writes per commit group, ingest: 0.00 MB, 0.00 MB/s
Interval WAL: 0 writes, 0 syncs, 0.00 writes per sync, written: 0.00 MB, 0.00 MB/s
Interval stall: 00:00:0.000 H:M:S, 0.0 percent

** Compaction Stats [default] **
Level    Files   Size     Score Read(GB)  Rn(GB) Rnp1(GB) Write(GB) Wnew(GB) Moved(GB) W-Amp Rd(MB/s) Wr(MB/s) Comp(sec) CompMergeCPU(sec) Comp(cnt) Avg(sec) KeyIn KeyDrop
----------------------------------------------------------------------------------------------------------------------------------------------------------------------------
  L0      4/4    6.74 KB   0.0      0.0     0.0      0.0       0.0      0.0       0.0   1.0      0.0      0.0      1.34              0.00         1    1.341       0      0
 Sum      4/4    6.74 KB   0.0      0.0     0.0      0.0       0.0      0.0       0.0   1.0      0.0      0.0      1.34              0.00         1    1.341       0      0
 Int      0/0    0.00 KB   0.0      0.0     0.0      0.0       0.0      0.0       0.0   1.0      0.0      0.0      1.34              0.00         1    1.341       0      0

** Compaction Stats [default] **
Priority    Files   Size     Score Read(GB)  Rn(GB) Rnp1(GB) Write(GB) Wnew(GB) Moved(GB) W-Amp Rd(MB/s) Wr(MB/s) Comp(sec) CompMergeCPU(sec) Comp(cnt) Avg(sec) KeyIn KeyDrop
-------------------------------------------------------------------------------------------------------------------------------------------------------------------------------
User      0/0    0.00 KB   0.0      0.0     0.0      0.0       0.0      0.0       0.0   0.0      0.0      0.0      1.34              0.00         1    1.341       0      0
Uptime(secs): 9.6 total, 9.6 interval
Flush(GB): cumulative 0.000, interval 0.000
AddFile(GB): cumulative 0.000, interval 0.000
AddFile(Total Files): cumulative 0, interval 0
AddFile(L0 Files): cumulative 0, interval 0
AddFile(Keys): cumulative 0, interval 0
Cumulative compaction: 0.00 GB write, 0.00 MB/s write, 0.00 GB read, 0.00 MB/s read, 1.3 seconds
Interval compaction: 0.00 GB write, 0.00 MB/s write, 0.00 GB read, 0.00 MB/s read, 1.3 seconds
Stalls(count): 0 level0_slowdown, 0 level0_slowdown_with_compaction, 0 level0_numfiles, 0 level0_numfiles_with_compaction, 0 stop for pending_compaction_bytes, 0 slowdown for pending_compaction_bytes, 0 memtable_compaction, 0 memtable_slowdown, interval 0 total count

** File Read Latency Histogram By Level [default] **

** Compaction Stats [default] **
Level    Files   Size     Score Read(GB)  Rn(GB) Rnp1(GB) Write(GB) Wnew(GB) Moved(GB) W-Amp Rd(MB/s) Wr(MB/s) Comp(sec) CompMergeCPU(sec) Comp(cnt) Avg(sec) KeyIn KeyDrop
----------------------------------------------------------------------------------------------------------------------------------------------------------------------------
  L0      4/4    6.74 KB   0.0      0.0     0.0      0.0       0.0      0.0       0.0   1.0      0.0      0.0      1.34              0.00         1    1.341       0      0
 Sum      4/4    6.74 KB   0.0      0.0     0.0      0.0       0.0      0.0       0.0   1.0      0.0      0.0      1.34              0.00         1    1.341       0      0
 Int      0/0    0.00 KB   0.0      0.0     0.0      0.0       0.0      0.0       0.0   0.0      0.0      0.0      0.00              0.00         0    0.000       0      0

** Compaction Stats [default] **
Priority    Files   Size     Score Read(GB)  Rn(GB) Rnp1(GB) Write(GB) Wnew(GB) Moved(GB) W-Amp Rd(MB/s) Wr(MB/s) Comp(sec) CompMergeCPU(sec) Comp(cnt) Avg(sec) KeyIn KeyDrop
-------------------------------------------------------------------------------------------------------------------------------------------------------------------------------
User      0/0    0.00 KB   0.0      0.0     0.0      0.0       0.0      0.0       0.0   0.0      0.0      0.0      1.34              0.00         1    1.341       0      0
Uptime(secs): 9.6 total, 0.0 interval
Flush(GB): cumulative 0.000, interval 0.000
AddFile(GB): cumulative 0.000, interval 0.000
AddFile(Total Files): cumulative 0, interval 0
AddFile(L0 Files): cumulative 0, interval 0
AddFile(Keys): cumulative 0, interval 0
Cumulative compaction: 0.00 GB write, 0.00 MB/s write, 0.00 GB read, 0.00 MB/s read, 1.3 seconds
Interval compaction: 0.00 GB write, 0.00 MB/s write, 0.00 GB read, 0.00 MB/s read, 0.0 seconds
Stalls(count): 0 level0_slowdown, 0 level0_slowdown_with_compaction, 0 level0_numfiles, 0 level0_numfiles_with_compaction, 0 stop for pending_compaction_bytes, 0 slowdown for pending_compaction_bytes, 0 memtable_compaction, 0 memtable_slowdown, interval 0 total count

** File Read Latency Histogram By Level [default] **
2022/12/07-17:17:55.145049 406b932700 [db/compaction/compaction_job.cc:1521] [default] [JOB 3] Generated table #31: 95 keys, 3130 bytes
2022/12/07-17:17:55.145803 406b932700 EVENT_LOG_v1 {"time_micros": 1670433475145263, "cf_name": "default", "job": 3, "event": "table_file_creation", "file_number": 31, "file_size": 3130, "file_checksum": "", "file_checksum_func_name": "Unknown", "table_properties": {"data_size": 2213, "index_size": 42, "index_partitions": 0, "top_level_index_size": 0, "index_key_is_user_key": 1, "index_value_is_delta_encoded": 1, "filter_size": 0, "raw_key_size": 4018, "raw_average_key_size": 42, "raw_value_size": 749, "raw_average_value_size": 7, "num_data_blocks": 1, "num_entries": 95, "num_deletions": 0, "num_merge_operands": 0, "num_range_deletions": 0, "format_version": 0, "fixed_key_len": 0, "filter_policy": "", "column_family_name": "default", "column_family_id": 0, "comparator": "leveldb.BytewiseComparator", "merge_operator": "nullptr", "prefix_extractor_name": "nullptr", "property_collectors": "[]", "compression": "NoCompression", "compression_options": "window_bits=-14; level=32767; strategy=0; max_dict_bytes=0; zstd_max_train_bytes=0; enabled=0; ", "creation_time": 1670097032, "oldest_key_time": 0, "file_creation_time": 1670433475, "db_id": "983697d2-b5d9-4043-8fe9-0af3e7be7ff3", "db_session_id": "5UGKS7L0ZC7YLUOD15FT"}}
2022/12/07-17:17:55.187043 406b932700 [db/compaction/compaction_job.cc:1598] [default] [JOB 3] Compacted 4@0 files to L1 => 3130 bytes
2022/12/07-17:17:55.235457 406b932700 (Original Log Time 2022/12/07-17:17:55.229001) [db/compaction/compaction_job.cc:830] [default] compacted to: files[0 1 0 0 0 0 0] max score 0.00, MB/sec: 0.0 rd, 0.0 wr, level 1, files in(4, 0) out(1) MB in(0.0, 0.0) out(0.0), read-write-amplify(1.5) write-amplify(0.5) OK, records in: 135, records dropped: 40 output_compression: NoCompression
2022/12/07-17:17:55.235567 406b932700 (Original Log Time 2022/12/07-17:17:55.231239) EVENT_LOG_v1 {"time_micros": 1670433475229292, "job": 3, "event": "compaction_finished", "compaction_time_micros": 216360, "compaction_time_cpu_micros": 34417, "output_level": 1, "num_output_files": 1, "total_output_size": 3130, "num_input_records": 135, "num_output_records": 95, "num_subcompactions": 1, "output_compression": "NoCompression", "num_single_delete_mismatches": 0, "num_single_delete_fallthrough": 0, "lsm_state": [0, 1, 0, 0, 0, 0, 0]}
2022/12/07-17:17:55.260097 406b932700 [file/delete_scheduler.cc:73] Deleted file /var/lib/milvus/rdb_data_meta_kv/000026.sst immediately, rate_bytes_per_sec 0, total_trash_size 0 max_trash_db_ratio 0.250000
2022/12/07-17:17:55.261065 406b932700 EVENT_LOG_v1 {"time_micros": 1670433475260888, "job": 3, "event": "table_file_deletion", "file_number": 26}
2022/12/07-17:17:55.273167 406b932700 [file/delete_scheduler.cc:73] Deleted file /var/lib/milvus/rdb_data_meta_kv/000020.sst immediately, rate_bytes_per_sec 0, total_trash_size 0 max_trash_db_ratio 0.250000
2022/12/07-17:17:55.273657 406b932700 EVENT_LOG_v1 {"time_micros": 1670433475273578, "job": 3, "event": "table_file_deletion", "file_number": 20}
2022/12/07-17:17:55.311593 406b932700 [file/delete_scheduler.cc:73] Deleted file /var/lib/milvus/rdb_data_meta_kv/000014.sst immediately, rate_bytes_per_sec 0, total_trash_size 0 max_trash_db_ratio 0.250000
2022/12/07-17:17:55.311920 406b932700 EVENT_LOG_v1 {"time_micros": 1670433475311890, "job": 3, "event": "table_file_deletion", "file_number": 14}
2022/12/07-17:17:55.326321 406b932700 [file/delete_scheduler.cc:73] Deleted file /var/lib/milvus/rdb_data_meta_kv/000008.sst immediately, rate_bytes_per_sec 0, total_trash_size 0 max_trash_db_ratio 0.250000
2022/12/07-17:17:55.326592 406b932700 EVENT_LOG_v1 {"time_micros": 1670433475326547, "job": 3, "event": "table_file_deletion", "file_number": 8}
2022/12/07-17:27:55.089460 40ab942700 [db/db_impl/db_impl.cc:902] ------- DUMPING STATS -------
2022/12/07-17:27:55.090920 40ab942700 [db/db_impl/db_impl.cc:903] 
** DB Stats **
Uptime(secs): 609.7 total, 600.1 interval
Cumulative writes: 2948 writes, 2948 keys, 2948 commit groups, 1.0 writes per commit group, ingest: 0.00 GB, 0.00 MB/s
Cumulative WAL: 2948 writes, 0 syncs, 2948.00 writes per sync, written: 0.00 GB, 0.00 MB/s
Cumulative stall: 00:00:0.000 H:M:S, 0.0 percent
Interval writes: 2948 writes, 2948 keys, 2948 commit groups, 1.0 writes per commit group, ingest: 0.17 MB, 0.00 MB/s
Interval WAL: 2948 writes, 0 syncs, 2948.00 writes per sync, written: 0.00 MB, 0.00 MB/s
Interval stall: 00:00:0.000 H:M:S, 0.0 percent

** Compaction Stats [default] **
Level    Files   Size     Score Read(GB)  Rn(GB) Rnp1(GB) Write(GB) Wnew(GB) Moved(GB) W-Amp Rd(MB/s) Wr(MB/s) Comp(sec) CompMergeCPU(sec) Comp(cnt) Avg(sec) KeyIn KeyDrop
----------------------------------------------------------------------------------------------------------------------------------------------------------------------------
  L0      0/0    0.00 KB   0.0      0.0     0.0      0.0       0.0      0.0       0.0   1.0      0.0      0.0      1.34              0.00         1    1.341       0      0
  L1      1/0    3.06 KB   0.0      0.0     0.0      0.0       0.0      0.0       0.0   0.5      0.0      0.0      0.22              0.03         1    0.216     135     40
 Sum      1/0    3.06 KB   0.0      0.0     0.0      0.0       0.0      0.0       0.0   2.2      0.0      0.0      1.56              0.03         2    0.779     135     40
 Int      0/0    0.00 KB   0.0      0.0     0.0      0.0       0.0      0.0       0.0 3130.0      0.0      0.0      0.22              0.03         1    0.216     135     40

** Compaction Stats [default] **
Priority    Files   Size     Score Read(GB)  Rn(GB) Rnp1(GB) Write(GB) Wnew(GB) Moved(GB) W-Amp Rd(MB/s) Wr(MB/s) Comp(sec) CompMergeCPU(sec) Comp(cnt) Avg(sec) KeyIn KeyDrop
-------------------------------------------------------------------------------------------------------------------------------------------------------------------------------
 Low      0/0    0.00 KB   0.0      0.0     0.0      0.0       0.0      0.0       0.0   0.0      0.0      0.0      0.22              0.03         1    0.216     135     40
User      0/0    0.00 KB   0.0      0.0     0.0      0.0       0.0      0.0       0.0   0.0      0.0      0.0      1.34              0.00         1    1.341       0      0
Uptime(secs): 609.7 total, 600.1 interval
Flush(GB): cumulative 0.000, interval 0.000
AddFile(GB): cumulative 0.000, interval 0.000
AddFile(Total Files): cumulative 0, interval 0
AddFile(L0 Files): cumulative 0, interval 0
AddFile(Keys): cumulative 0, interval 0
Cumulative compaction: 0.00 GB write, 0.00 MB/s write, 0.00 GB read, 0.00 MB/s read, 1.6 seconds
Interval compaction: 0.00 GB write, 0.00 MB/s write, 0.00 GB read, 0.00 MB/s read, 0.2 seconds
Stalls(count): 0 level0_slowdown, 0 level0_slowdown_with_compaction, 0 level0_numfiles, 0 level0_numfiles_with_compaction, 0 stop for pending_compaction_bytes, 0 slowdown for pending_compaction_bytes, 0 memtable_compaction, 0 memtable_slowdown, interval 0 total count

** File Read Latency Histogram By Level [default] **

** Compaction Stats [default] **
Level    Files   Size     Score Read(GB)  Rn(GB) Rnp1(GB) Write(GB) Wnew(GB) Moved(GB) W-Amp Rd(MB/s) Wr(MB/s) Comp(sec) CompMergeCPU(sec) Comp(cnt) Avg(sec) KeyIn KeyDrop
----------------------------------------------------------------------------------------------------------------------------------------------------------------------------
  L0      0/0    0.00 KB   0.0      0.0     0.0      0.0       0.0      0.0       0.0   1.0      0.0      0.0      1.34              0.00         1    1.341       0      0
  L1      1/0    3.06 KB   0.0      0.0     0.0      0.0       0.0      0.0       0.0   0.5      0.0      0.0      0.22              0.03         1    0.216     135     40
 Sum      1/0    3.06 KB   0.0      0.0     0.0      0.0       0.0      0.0       0.0   2.2      0.0      0.0      1.56              0.03         2    0.779     135     40
 Int      0/0    0.00 KB   0.0      0.0     0.0      0.0       0.0      0.0       0.0   0.0      0.0      0.0      0.00              0.00         0    0.000       0      0

** Compaction Stats [default] **
Priority    Files   Size     Score Read(GB)  Rn(GB) Rnp1(GB) Write(GB) Wnew(GB) Moved(GB) W-Amp Rd(MB/s) Wr(MB/s) Comp(sec) CompMergeCPU(sec) Comp(cnt) Avg(sec) KeyIn KeyDrop
-------------------------------------------------------------------------------------------------------------------------------------------------------------------------------
 Low      0/0    0.00 KB   0.0      0.0     0.0      0.0       0.0      0.0       0.0   0.0      0.0      0.0      0.22              0.03         1    0.216     135     40
User      0/0    0.00 KB   0.0      0.0     0.0      0.0       0.0      0.0       0.0   0.0      0.0      0.0      1.34              0.00         1    1.341       0      0
Uptime(secs): 609.7 total, 0.0 interval
Flush(GB): cumulative 0.000, interval 0.000
AddFile(GB): cumulative 0.000, interval 0.000
AddFile(Total Files): cumulative 0, interval 0
AddFile(L0 Files): cumulative 0, interval 0
AddFile(Keys): cumulative 0, interval 0
Cumulative compaction: 0.00 GB write, 0.00 MB/s write, 0.00 GB read, 0.00 MB/s read, 1.6 seconds
Interval compaction: 0.00 GB write, 0.00 MB/s write, 0.00 GB read, 0.00 MB/s read, 0.0 seconds
Stalls(count): 0 level0_slowdown, 0 level0_slowdown_with_compaction, 0 level0_numfiles, 0 level0_numfiles_with_compaction, 0 stop for pending_compaction_bytes, 0 slowdown for pending_compaction_bytes, 0 memtable_compaction, 0 memtable_slowdown, interval 0 total count

** File Read Latency Histogram By Level [default] **
2022/12/07-17:37:55.107611 40ab942700 [db/db_impl/db_impl.cc:902] ------- DUMPING STATS -------
2022/12/07-17:37:55.112004 40ab942700 [db/db_impl/db_impl.cc:903] 
** DB Stats **
Uptime(secs): 1209.7 total, 600.0 interval
Cumulative writes: 5948 writes, 5948 keys, 5948 commit groups, 1.0 writes per commit group, ingest: 0.00 GB, 0.00 MB/s
Cumulative WAL: 5948 writes, 0 syncs, 5948.00 writes per sync, written: 0.00 GB, 0.00 MB/s
Cumulative stall: 00:00:0.000 H:M:S, 0.0 percent
Interval writes: 3000 writes, 3000 keys, 3000 commit groups, 1.0 writes per commit group, ingest: 0.17 MB, 0.00 MB/s
Interval WAL: 3000 writes, 0 syncs, 3000.00 writes per sync, written: 0.00 MB, 0.00 MB/s
Interval stall: 00:00:0.000 H:M:S, 0.0 percent

** Compaction Stats [default] **
Level    Files   Size     Score Read(GB)  Rn(GB) Rnp1(GB) Write(GB) Wnew(GB) Moved(GB) W-Amp Rd(MB/s) Wr(MB/s) Comp(sec) CompMergeCPU(sec) Comp(cnt) Avg(sec) KeyIn KeyDrop
----------------------------------------------------------------------------------------------------------------------------------------------------------------------------
  L0      0/0    0.00 KB   0.0      0.0     0.0      0.0       0.0      0.0       0.0   1.0      0.0      0.0      1.34              0.00         1    1.341       0      0
  L1      1/0    3.06 KB   0.0      0.0     0.0      0.0       0.0      0.0       0.0   0.5      0.0      0.0      0.22              0.03         1    0.216     135     40
 Sum      1/0    3.06 KB   0.0      0.0     0.0      0.0       0.0      0.0       0.0   2.2      0.0      0.0      1.56              0.03         2    0.779     135     40
 Int      0/0    0.00 KB   0.0      0.0     0.0      0.0       0.0      0.0       0.0   0.0      0.0      0.0      0.00              0.00         0    0.000       0      0

** Compaction Stats [default] **
Priority    Files   Size     Score Read(GB)  Rn(GB) Rnp1(GB) Write(GB) Wnew(GB) Moved(GB) W-Amp Rd(MB/s) Wr(MB/s) Comp(sec) CompMergeCPU(sec) Comp(cnt) Avg(sec) KeyIn KeyDrop
-------------------------------------------------------------------------------------------------------------------------------------------------------------------------------
 Low      0/0    0.00 KB   0.0      0.0     0.0      0.0       0.0      0.0       0.0   0.0      0.0      0.0      0.22              0.03         1    0.216     135     40
User      0/0    0.00 KB   0.0      0.0     0.0      0.0       0.0      0.0       0.0   0.0      0.0      0.0      1.34              0.00         1    1.341       0      0
Uptime(secs): 1209.7 total, 600.0 interval
Flush(GB): cumulative 0.000, interval 0.000
AddFile(GB): cumulative 0.000, interval 0.000
AddFile(Total Files): cumulative 0, interval 0
AddFile(L0 Files): cumulative 0, interval 0
AddFile(Keys): cumulative 0, interval 0
Cumulative compaction: 0.00 GB write, 0.00 MB/s write, 0.00 GB read, 0.00 MB/s read, 1.6 seconds
Interval compaction: 0.00 GB write, 0.00 MB/s write, 0.00 GB read, 0.00 MB/s read, 0.0 seconds
Stalls(count): 0 level0_slowdown, 0 level0_slowdown_with_compaction, 0 level0_numfiles, 0 level0_numfiles_with_compaction, 0 stop for pending_compaction_bytes, 0 slowdown for pending_compaction_bytes, 0 memtable_compaction, 0 memtable_slowdown, interval 0 total count

** File Read Latency Histogram By Level [default] **

** Compaction Stats [default] **
Level    Files   Size     Score Read(GB)  Rn(GB) Rnp1(GB) Write(GB) Wnew(GB) Moved(GB) W-Amp Rd(MB/s) Wr(MB/s) Comp(sec) CompMergeCPU(sec) Comp(cnt) Avg(sec) KeyIn KeyDrop
----------------------------------------------------------------------------------------------------------------------------------------------------------------------------
  L0      0/0    0.00 KB   0.0      0.0     0.0      0.0       0.0      0.0       0.0   1.0      0.0      0.0      1.34              0.00         1    1.341       0      0
  L1      1/0    3.06 KB   0.0      0.0     0.0      0.0       0.0      0.0       0.0   0.5      0.0      0.0      0.22              0.03         1    0.216     135     40
